&parallelization
    n_procs_s = 2
    n_procs_v = 1
    n_procs_w = 8
    n_procs_x = 1
    n_procs_y = 1
    n_procs_z = 9
    n_procs_sim = 144
    n_parallel_sims = 10
/

&box
    n_spec = 2
    nx0 = 9
    nky0 = 1
    nz0 = 135
    nv0 = 32
    nw0 = 8
    lv = 3.0
    lw = 9.0
    x0 = 0.96
    kymin = 48.0      !scanlist: 0.22565543873767369, 0.2396611221975688, 0.7830158310715278, 0.6960736616843026, 0.4988142952710083, 0.919481477040802, 0.739897831206977, 0.11550281855154922, 0.5807997351539431, 0.8777134861550965, 0.47537699944321055, 0.8767921808054564, 0.7310573331744488, 0.1084942670850606, 0.36028519479360666, 0.27459428675110037, 0.8550383860756243, 0.6014313971181102, 0.4963076723552369, 0.11652650394748143, 0.9939884623868308, 0.7219688119389508, 0.07333767356022412, 0.8938364951719663, 0.812996907418693, 0.7461624426838501, 0.054621288984800676, 0.49439520028522754, 0.5115732699607345, 0.2472077172392721, 0.5693605610206891, 0.764522022636421, 0.6136324264250007, 0.18895932750452982, 0.14920288225950762, 0.6089034790161314, 0.8064472778799077, 0.929171154285254, 0.6788002263122752, 0.33184339053390516, 0.6424478560224067, 0.8689326671768389, 0.8597078737758269, 0.5833649701397234, 0.6727057188937732, 0.325978209539048, 0.3211586960194007, 0.27027915452194273, 0.8698444023150871, 0.8143216417504229, 0.4686406292705782, 0.4134613123677284, 0.8033969218206736, 0.9957267194660805, 0.2039578518090674, 0.09561375697086405, 0.708141140212562, 0.49864329397504314, 0.8205697211771864, 0.4122488370020018, 0.6308308256086606, 0.6506849358605095, 0.807045376471551, 0.0894076532323132, 0.5816214850280983, 0.43050639023701487, 0.27599723240798424, 0.14461044922049718, 0.8717926153416546, 0.30124296012980684, 0.48747149162717535, 0.8676043467640103, 0.4558893886828738, 0.26232388512465876, 0.2041286333262251, 0.22022009014479998, 0.36137856587923806, 0.2482164698810082, 0.46988274289733406, 0.8880613109524453, 0.7548202627658657, 0.17348774711103654, 0.5919199964756687, 0.7008098065449869, 0.845138773754104, 0.9773082152927628, 0.1279976359194658, 0.5517269713974368, 0.8655321175268954, 0.28923592889947225, 0.8292880065627442, 0.5336424289701653, 0.9985920505118127, 0.5794045087269828, 0.6106488797810704, 0.8110401726834928, 0.35389467602574937, 0.3571792246527261, 0.7908735023316653, 0.8117560249768752, 0.10026147622113851, 0.6645204903482743, 0.9275274669387692, 0.5808096231039592, 0.6760864959225491, 0.19464534975072195, 0.9247691693558446, 0.6315828015389284, 0.18921711057575258, 0.8399073548554317, 0.40106613301178407, 0.6888619028878977, 0.866228796898548, 0.4183107074050423, 0.7330321669360834, 0.44220330666422214, 0.37361288300543166, 0.3972397264415365, 0.2864209660695447, 0.7958895499527108, 0.06584460987149499, 0.18463165916674273, 0.06056020771451177, 0.17419716901590265, 0.31535910696013103, 0.3394740170619697, 0.4447028712418029, 0.5003753928302854, 0.8324512215684032, 0.5020915514830976, 0.5749668691685301, 0.7158672187179639, 0.32630159760548527, 0.5272392699206229, 0.7895815228346146, 0.33596879765452425, 0.21463080965988512, 0.9044003734568652, 0.5821100256151547, 0.5742350067641556, 0.32930016411152013, 0.22104026768785623, 0.43717460078242093, 0.2947821112872129, 0.09924578493545617, 0.2333051402309882, 0.8207497484610566, 0.5698462728958906, 0.45159940853670183, 0.6748896656972896, 0.1871633819527505, 0.635390931560261, 0.19427171029614054, 0.7817308757648718, 0.8537348192697641, 0.8734110410976368, 0.5481647680780684, 0.16784571674465315, 0.8019879192358232, 0.7893363123335669, 0.15135685319844533, 0.14473529498392407, 0.06620390483717194, 0.29629819601265545, 0.8736160748617262, 0.3205991521984018, 0.9077826222830822, 0.3077522815123785, 0.3905387134563058, 0.8549577754876769, 0.19133286883417783, 0.3438032331363359, 0.22333216713429704, 0.2833466666799441, 0.14702144918806603, 0.7725757252720268, 0.9395125117976987, 0.8451741396273421, 0.9588939128415368, 0.2659718316582878, 0.8036635393105571, 0.8776432718001995, 0.08577697498226045, 0.8688822648934474, 0.6276025380054705, 0.09838522708507785, 0.7517811137837724, 0.22323921514153577, 0.12904776245669614, 0.2676955750135997, 0.7560679637086699, 0.9769123203029547, 0.7493400658910871, 0.46537607945311454, 0.4925587956604614, 0.7868530504029051, 0.8184352001385138, 0.35846783810779526, 0.2810774800036453, 0.20116164164062644, 0.31124708999702555, 0.6162523494873564, 0.6959190400923106, 0.5644036680815337, 0.43308227196917887, 0.6681968230830528, 0.6398558628867547, 0.23750526726062443, 0.6401357257271385, 0.7012832411939843, 0.6760295157024552, 0.6198718820025162, 0.13749191472129974, 0.8635386974086341, 0.7525565670980741, 0.43684706089620917, 0.18481975324746475, 0.28080413035075796, 0.08421493932995014, 0.8020884669815365, 0.6004153357096974, 0.18336595939759925, 0.49992187947524963, 0.09312461240620012, 0.0686273367447209, 0.964847261656832, 0.5066433211018783, 0.5161182049255092, 0.14247099297156107, 0.22146193527496189, 0.46446627640402255, 0.8791006166921642, 0.293233273608949, 0.8536552846583242, 0.7095478922898129, 0.06875053184771325, 0.5237433015277188, 0.7141666778907463, 0.8258798143215139, 0.43061143735161483, 0.6050165766697537, 0.15176736389796136, 0.2556003646482924, 0.2876496530001034, 0.7321670404545357, 0.8203555338489977, 0.9994286181887341, 0.4977225955163196, 0.8732205289284773, 0.7452119667829277, 0.0852530788198483, 0.6290490129134121, 0.7916124069967928, 0.4224553958964927, 0.922290426154414, 0.9370855727861536, 0.1108916550904531, 0.5616721779817723, 0.22457629485333075, 0.5372190887426711, 0.335564159427242, 0.1298060697771013, 0.2550970905943163, 0.9769890778466532, 0.8573247878732805, 0.18664630709310576, 0.5664000364454138, 0.44390204905237, 0.7134740929811655, 0.8643059690678275, 0.414078904191372, 0.8139308410177408, 0.8049882988136964, 0.836753777001135, 0.29713048224999955, 0.8989637682667497, 0.0980436608910392, 0.8880964963717782, 0.6216550503977217, 0.6807279074402376, 0.3416421218200537, 0.1832098588337402, 0.6772707191878612, 0.6426120214588671, 0.9424611631348397, 0.5829192105747617, 0.9379001477099836, 0.28730772861118953, 0.9332057163202624, 0.6595199980725612, 0.6826204604824477, 0.28218522173992266, 0.06942308183875644, 0.5337182569667315, 0.9778370450521042, 0.5518628121659838, 0.32886879706179056, 0.5695701748072992, 0.9207111950324325, 0.5330914901586912, 0.2672817089047828, 0.7869086130465672, 0.12994524528613557, 0.6111981643059238, 0.3787034551415509, 0.9224869949436758, 0.13332623843422925, 0.6343524550046831, 0.6518237052181889, 0.540232596844672, 0.6407040842029413, 0.5603333700586319, 0.7069132584000274, 0.31395556342266856, 0.8195964788541286, 0.33912251304190943, 0.6487858046379333, 0.31750506465653583, 0.7619427350247712, 0.875743519445248, 0.26199287107168645, 0.5963478940007797, 0.6477028563565214, 0.8641082975429987, 0.6193212282586891, 0.8763468349122043, 0.9128882147025668, 0.2339184305406608, 0.8988658225074446, 0.6594594704536731, 0.5200403578210155, 0.7772171986619839, 0.14954498756097245, 0.20235086546834113, 0.7469351437029524, 0.7092151829585956, 0.9565938171690525, 0.7375767948781853, 0.5333936561316875, 0.5140274619725491, 0.9588875927182295, 0.16682465911474723, 0.33408625158754274, 0.5597711536608724, 0.6559515880622352, 0.641179044895169, 0.38564520049294093, 0.2226154312843469, 0.8781123030120016, 0.4979885699618298, 0.6545344461605664, 0.3875245869750877, 0.5342336330101453, 0.9931792985846529, 0.806426764372858, 0.19262059006077836, 0.5294165367313785, 0.1987896351997276, 0.30447332631046103, 0.39217533818683137, 0.1761363875000188, 0.0580733913399611, 0.19856914455524133, 0.267822347696188, 0.7985593100737505, 0.09400847049197807, 0.6205911417504774, 0.5559606778450565, 0.8545251189832651, 0.5556249841520413, 0.2078841134274068, 0.8726056262598759, 0.05931132251026672, 0.8081254851098337, 0.3773277489979856, 0.7355841746406887, 0.5777836234000001, 0.05417981519147859, 0.9828808931495724, 0.9683924726956054, 0.475378795383684, 0.13536931601327806, 0.06616724271839977, 0.7234555900442394, 0.6503921704370623, 0.32575349074127136, 0.08355559801598442, 0.11717917544657658, 0.3661979086473798, 0.47618395263763535, 0.7650812411259756, 0.37494495416970697, 0.8812123179862118, 0.36328384187916357, 0.5810531028506563, 0.9441129292762903, 0.7781816601220336, 0.6665154476405445, 0.25337140966064026, 0.21330693831025316, 0.3007679876593861, 0.49955895477189993, 0.6764518098249122, 0.43560094224929424, 0.06479469458561538, 0.9831519774270591, 0.1490108230086649, 0.4000317106306169, 0.2913965795925326, 0.24147265744835372, 0.5413758646646727, 0.49884214693065876, 0.40562022666640996, 0.664233012804346, 0.5110298939071427, 0.7913843380132345, 0.2852904609087675, 0.8212241531417281, 0.5869831760181804, 0.30222393391284996, 0.9330158215577923, 0.4053648876771318, 0.9888702227809004, 0.3680077357878033, 0.23272045405043906, 0.6986736605498403, 0.6035215466753715, 0.8656472829464937, 0.7683374364419975, 0.4215129297544345, 0.3297632395942068, 0.6121050924556809, 0.07212882957737388, 0.1573130490281035, 0.554749808258619, 0.5611558262666447, 0.19847659505022425, 0.08624877522438532, 0.07382715807930121, 0.1851530898046575, 0.741654403093803, 0.4423981468205503, 0.8402179609996696, 0.7552801166600356, 0.2864289667878849, 0.06780113413508936, 0.634856791411921, 0.7892384243137277, 0.5295941610493641, 0.6524657616014058, 0.7433973511375004, 0.6122234219480358, 0.3618195925639663, 0.4313724827652456, 0.7332011730844595, 0.9015088501723897, 0.8005099523984394, 0.4327517843072072, 0.4022371343399561, 0.6521906709646282, 0.48674859194145526, 0.5221215835765544, 0.596381710769009, 0.43953907565967376, 0.5963269095673543, 0.1537694475979847, 0.27516478035470726, 0.09882467985130246, 0.8810067044138157, 0.32463209747525296, 0.6115909910877197, 0.8284624946097147, 0.7653057991325676, 0.9507364270012195, 0.7084997637052136, 0.9217292301522215, 0.8167682039486569, 0.19853564297784548, 0.5466136821743818, 0.23498019814366078, 0.16617976938367895, 0.1535592357039557, 0.6477869703855834, 0.17126148548526116, 0.48616420599163396, 0.6724259748884636, 0.4102382619513698, 0.5506925244032536, 0.7325569845091155, 0.4035951495998724, 0.2091508835341802, 0.6819871319779343, 0.24074294354080034, 0.4467548633175469, 0.5687340314382997, 0.3073248025026393, 0.06755355188890219, 0.49588125236285446, 0.1515522872130075, 0.3172796430765042, 0.2995719154538845, 0.24183268413667602, 0.21104149003461325, 0.712778717314432, 0.97065988533451, 0.9523338472185315, 0.12155291868062346, 0.756117299577119, 0.5721646313591086, 0.2507627308559728, 0.3327730980076409, 0.7679028367625461, 0.15171559239692173, 0.10844638784868782, 0.9790593585325628, 0.29325646583732395, 0.5383687232631368, 0.44710824532161375, 0.5680992111425607, 0.6855877295664451, 0.9572700418159122, 0.4562199483717025, 0.894061360077963, 0.33088679313801034, 0.12478888122559154, 0.22191037313340983, 0.23021123293015472, 0.8206383984910021, 0.5623377267963791, 0.9174061309650419, 0.20896071519854947, 0.8015658914284086, 0.90549785459043, 0.5757728536489211, 0.47017780638405743, 0.500124316608365, 0.5272839588197362, 0.1342574838641155, 0.984759504015949, 0.24922939055994914, 0.2947905103591116, 0.09312230679404995, 0.5056283894609654, 0.22225426905933648, 0.12901014342892742, 0.8380676903282831, 0.6629762122864871, 0.7985952989729719, 0.5998521168479676, 0.367720589010168, 0.8708754988736755, 0.9193727357981871, 0.7544930188212302, 0.6769637755682838, 0.8453539506704157, 0.9252488589295262, 0.2514187520979002, 0.7722232490223475, 0.5103649573858203, 0.44042618263622474, 0.7271545219440488, 0.8235156742140138, 0.8003447704113791, 0.4207801777800661, 0.6725904356986091, 0.47420957620771986, 0.4128812090630081, 0.5483242752691616, 0.7426657842439267, 0.6692236080365854, 0.9784009182765284, 0.8588308072033777, 0.09952673897584421, 0.802885628184456, 0.38079627214899087, 0.9368325260244286, 0.9898868467910062, 0.5307255915397061, 0.6125648104051695, 0.12796995334911232, 0.7760355749969289, 0.7502520340486782, 0.19082058506008442, 0.3421803752157087, 0.8124531786505357, 0.9168924844099875, 0.15789608236170327, 0.2836765641937066, 0.22077424295270576, 0.5582079781106932, 0.2736864809812895, 0.7008806155813949, 0.901958206330389, 0.8737163155130645, 0.6911692485768866, 0.21391527401029925, 0.7551351692390718, 0.723087040626877, 0.05598317833212741, 0.36304892285385043, 0.12872871972293531, 0.17132599506421936, 0.22703669765420947, 0.7265279447043713, 0.5284697851883609, 0.7849273816409514, 0.3245872024026156, 0.7188047543234529, 0.6233065509128817, 0.374528855402141, 0.83108689523637, 0.9171816238576627, 0.2373825990096149, 0.18917093318901979, 0.7722831593442937, 0.7524539652913269, 0.720763874849388, 0.7645418216806699, 0.6204139897477319, 0.7351590850041133, 0.7302230205988821, 0.788267010926114, 0.4131624925934424, 0.5294630385428797, 0.5453706484016162, 0.32545826521458193, 0.5994931706416654, 0.5214113499555305, 0.9547362300339185, 0.6386840369402045, 0.6363739423896845, 0.44309083375114, 0.6768449142619117, 0.6620259439900165, 0.3758453087883034, 0.8988401813376176, 0.4151637311217868, 0.977836999025261, 0.399975281060494, 0.6019867642215051, 0.3116529035274081, 0.7971944057056016, 0.5132003227359776, 0.6726581437400402, 0.6590349777536721, 0.6368328283802566, 0.10785269368453416, 0.22000829108185038, 0.5617674980139852, 0.22361710163469434, 0.2976958326929935, 0.0921591457643373, 0.9316048097771064, 0.24812219849586897, 0.961426240357864, 0.862228597046768, 0.09701717930908957, 0.5017308748876841, 0.47383144465294474, 0.6566450246992699, 0.11034364667806934, 0.0640002075871952, 0.6459207168123194, 0.2552942417888149, 0.8028913856315076, 0.1564807379883264, 0.13584444662887624, 0.7044576710592153, 0.7977266289437285, 0.8242779552265338, 0.5284428768681104, 0.06988993668883736, 0.3982316178818121, 0.5467833095730471, 0.22328307446459572, 0.9287280220406938, 0.5375316321982493, 0.13100460899643496, 0.23927194536311108, 0.1050559419632353, 0.9131172504318533, 0.6855637035150198, 0.5935677377902757, 0.5554338934234798, 0.9824742070415661, 0.13221454665132204, 0.1498393921945227, 0.9261729049275742, 0.9304643870938468, 0.995277452902575, 0.17152947389146783, 0.4412990356952022, 0.3216636299461888, 0.6288818315572877, 0.9449332812253626, 0.3826451456055541, 0.8471307772662775, 0.06057165206423215, 0.4060588923042788, 0.5564955941104853, 0.48609848887595997, 0.43669093628623373, 0.38042407157064767, 0.8620073948429711, 0.12004865523730318, 0.6724847123944794, 0.533321162708389, 0.7021373177424918, 0.6111376926734742, 0.22914870375908786, 0.5496829916759957, 0.25821770724980647, 0.7428055538515103, 0.4742751307204875, 0.8138560880651796, 0.6835280702167547, 0.8303410848501303, 0.6118338132555398, 0.13390727339144382, 0.6148075366398117, 0.22744287932490387, 0.42062676088303635, 0.8052752653926378, 0.3685666456511064, 0.08859321886497332, 0.11865483765685414, 0.8143517955445921, 0.8080961724385737, 0.8526502884207987, 0.6111530900904052, 0.8206306098349837, 0.46011379715414896, 0.7788105277139752, 0.6517869046092366, 0.8722341245156766, 0.8106500632657587, 0.5515069756276492, 0.3278828604010738, 0.47093897600150797, 0.6447087148412046, 0.4514182266573997, 0.2462701501149217, 0.06956003929965474, 0.7281544306555642, 0.704867845617789, 0.8537083505857663, 0.5085327129585915, 0.8427929255411147, 0.32005782747056827, 0.42491449615746585, 0.07130386816188057, 0.63137766186469, 0.8394295430011998, 0.5391320415061387, 0.5257240793438194, 0.9929978918970904, 0.15863808046214456, 0.6922657663817394, 0.6903274536001934, 0.9155668148134591, 0.5861733664922303, 0.28524937074753454, 0.17861125799685684, 0.17898695889212524, 0.8680133709225266, 0.1472979272472727, 0.33005105358335957, 0.6410802754463367, 0.7669081350266509, 0.18119822975531652, 0.9997907604456011, 0.18596855875581236, 0.26690535128179244, 0.25172599319626404, 0.31103507753360093, 0.9642505692242476, 0.17631037405020605, 0.15825406722315688, 0.9543592744177612, 0.9647360501600158, 0.7803555319551028, 0.2729874090621334, 0.20038882420827941, 0.5630660004369744, 0.41400063590574765, 0.11434224410426372, 0.25842607313921284, 0.8718381075979855, 0.46677199826770366, 0.2964838918250969, 0.33200962863964034, 0.29800829966747583, 0.8668836039471775, 0.7642005417236292, 0.5810971285116842, 0.05113712722154008, 0.6203976255502353, 0.8421197060435088, 0.5781655644690266, 0.7863706613771084, 0.22890637645819667, 0.41692736177560236, 0.20051836083508717, 0.1310703097461393, 0.14302259597540257, 0.5435103569624954, 0.23528434748952787, 0.7687275230207047, 0.6830308500001535, 0.7391664350564201, 0.46387458190975234, 0.6639574497202761, 0.7169104440269891, 0.46853346242629834, 0.4461514687104382, 0.1495270560237199, 0.6880371646989062, 0.8226184600975381, 0.8288795993414505, 0.3926085790472564, 0.5916008098220171, 0.3261630510952019, 0.6774415866894391, 0.821618436514356, 0.0969240503678993, 0.22462756873370837, 0.5589707810318996, 0.5126951895334184, 0.6579522026090346, 0.23625908782641547, 0.8537542820305045, 0.7118053733462424, 0.9756737790853558, 0.3864939651812377, 0.873276139470027, 0.716379602781782, 0.35605099553600744, 0.17510160997852514, 0.42562276220641254, 0.6090334896937738, 0.6137037735704989, 0.880966445920879, 0.9923960013562689, 0.8839237412082352, 0.5051478559763886, 0.47921905740000587, 0.1475986186042903, 0.5993494353982395, 0.7183476681410561, 0.2242881048112058, 0.2448722262133528, 0.18204269598121414, 0.4731657294180486, 0.06309282186015246, 0.6704127798227804, 0.514076426109855, 0.6382603200610044, 0.1556410352650175, 0.6664805701934569, 0.877635254249074, 0.08640468707201338, 0.9522708365930184, 0.06071318127726195, 0.5982036535500316, 0.1646905648327307, 0.3032683713860487, 0.36896025966385354, 0.43188867881323134, 0.16560770818043896, 0.22732533606110367, 0.06472255176682522, 0.9533551788889741, 0.06764217525413765, 0.1894507564359459, 0.6705060700942109, 0.49890043169937975, 0.22731984285557166, 0.41454994657349536, 0.6801202571510336, 0.7136092172289785, 0.6944241364413344, 0.32522668638884134, 0.682968736534737, 0.23378402129867787, 0.9167981908481911, 0.33802149832013606, 0.2269828767824027, 0.8973988816327526, 0.34342582313688275, 0.284000478877467, 0.5882060751775388, 0.5314155496505004, 0.8144541114153007, 0.09217887886802428, 0.06896191018075751, 0.29684685301283553, 0.20042899345411214, 0.7360262450261423, 0.3888795866662728, 0.3016879711338938, 0.827055342796969, 0.4415047852279884, 0.456797764928945, 0.26996821946280763, 0.34473720391520596, 0.8405161059096522, 0.9985545558317894, 0.974782005533531, 0.41807899889192995, 0.64292253536754, 0.70976314972528, 0.16846886491457794, 0.5592448473292488, 0.19507650359585632, 0.27595210886854343, 0.9966164767108296, 0.15821724294212464, 0.39070997777696975, 0.5332818932444525, 0.40366354708018215, 0.4723967351942342, 0.49502205646555253, 0.8495194103252851, 0.24717362458673087, 0.22491291141789382, 0.3028483847155574, 0.055710577963586506, 0.7950743874423392, 0.22956098493410304, 0.7348747532754589, 0.07919790103142693, 0.9456744048138249, 0.6751797423631094, 0.7956163224663584, 0.3815231406851984, 0.8641875728317877, 0.14249547430846513, 0.27706120481047236, 0.1662373273497974, 0.7061709919447007, 0.8327129856246186, 0.7383621425821474, 0.15562262678266342, 0.7162936695328492, 0.8450615253805496, 0.9618803140086367, 0.14824690511935962, 0.33717202875671654, 0.9891820083803428, 0.27969015729566027, 0.6174706848721656, 0.5052583521467102, 0.2882370031421397, 0.49847884861134684, 0.36367735229820797, 0.6308774556337452, 0.7299402242903055, 0.5630552203404138, 0.35609351601448036, 0.11833286053245488, 0.3772744735875497, 0.7036634156578029, 0.8821526321879805, 0.8754655514662916, 0.4165508898537523, 0.3140159264207801, 0.28074635777409124, 0.8375497918395121, 0.9267316339507726, 0.40616516047125834, 0.2270716905339018, 0.2488340303531057, 0.8881499385320025, 0.07915320215023539, 0.590968533956094, 0.4802092823328168, 0.7274564962606034, 0.6812781741082156, 0.6953500451939946, 0.695115609435015, 0.8102642335861127, 0.5315683802165033, 0.8796758218324019, 0.2429595692810665, 0.9646422778718381, 0.5775302667672185, 0.21119018992113991, 0.16800999970944203, 0.9897713669404251, 0.6730465532231554, 0.1854117029364329, 0.6944752765466818, 0.5076382163298233, 0.9525650467142552, 0.4191599519880895, 0.7281598543027229, 0.4954048359809261, 0.7919993548039405, 0.9001643594202211, 0.3347732107339634
    kx_center = 0.0
/

&in_out
    diagdir = '/scratch/project_462000451/gene_out/ped2_safescan/'
    read_checkpoint = .false.
    istep_nrg = 10
    istep_omega = 10
    istep_field = 10
    istep_energy = 100
    istep_mom = 600
    istep_vsp = 5000
    istep_schpt = 5000
/

&general
    bpar = .true.
    underflow_limit = 1e-20
    nonlinear = .false.
    x_local = .true.
    arakawa_zv = .false.
    comp_type = 'IV'
    calc_dt = .true.
    ntimesteps = 1000000
    timelim = 22000
    simtimelim = 50
    omega_prec = 0.001
    hyp_z = -2
    hyp_v = 0.2
    init_cond = 'alm'
    beta = 0.0022366753
    debye2 = 0.00023915662
    tau = 1.7
    collision_op = 'landau'
    coll = 0.0042788004
    coll_cons_model = 'xu_rosenbluth'
/

&geometry
    magn_geometry = 'miller'
    trpeps = 0.25643
    q0 = 2.2851
    shat = 2.2142
    amhd = 0.016535
    drr = -0.14686
    drz = -0.076232
    kappa = 1.349
    s_kappa = 0.23129
    delta = 0.055595
    s_delta = 0.14461
    zeta = -0.012412
    s_zeta = -0.063568
    minor_r = 1
    major_r = 3.1481
    rhostar = -1
/

&species
    name = 'i'
    omn = 15.265123       !scanwith: 0, 44.71716464657722, 35.306405562297385, 21.313373781576203, 25.83707156134939, 38.378962407803606, 11.331469253276842, 15.400691132192868, 49.12228637652361, 19.326620516640585, 13.328627296490886, 48.07596884450094, 10.375966302949683, 6.34631916656648, 38.66504968873877, 11.622732143535888, 32.70898429262016, 25.6304580035009, 36.735600301440854, 24.136946308237306, 59.72320251963917, 19.576571140117913, 48.566447612230775, 11.940056021254602, 9.464996360870362, 5.676091052258927, 58.72205889898681, 7.709942332754235, 19.269349284532336, 39.69476102479665, 39.43517915606645, 38.47494981519888, 7.725548226920511, 35.15308668127762, 29.79070001006047, 45.364052099554385, 36.142850348123744, 38.17439246250021, 5.982632225474526, 37.505541065905376, 9.433691397174844, 33.829423288114185, 24.244495076843215, 35.272311888104966, 6.225543947272758, 29.923904611235006, 29.468164257084478, 56.03570197111979, 19.420576463112752, 49.52005943636669, 6.998020575352834, 55.86577566007931, 7.54434990316954, 26.56934151960106, 25.78124268324614, 17.115882432295095, 41.96777973535332, 16.154915511041068, 34.20076329770824, 59.46052175577581, 15.09872250630318, 12.821413345111667, 55.03637255728606, 50.11995052683913, 32.89303176457802, 20.324351699885668, 45.31293756625236, 26.684581372965415, 13.578842725834742, 48.47949955212276, 8.579609285288516, 56.56677893760037, 25.285252016744472, 33.974335999399145, 28.873498169185964, 57.210309744896705, 11.075916565814794, 49.97522898088201, 56.621925001642865, 30.607714888125543, 42.76097879586726, 40.1610447330388, 52.83220709327888, 36.86605702470796, 50.38828175458866, 13.051464338557071, 26.582235165877194, 18.256809454208472, 51.708084730212654, 39.49103148976803, 46.63500626480468, 19.21769935095063, 59.974696440346236, 30.5782159143569, 11.391759898748523, 57.482382097785674, 23.642024540674235, 39.80965615504343, 57.3940049270714, 13.973374887168461, 57.94700938919659, 7.1717478420542236, 5.77137267800054, 26.348168221574873, 45.356073704561275, 41.772093512851946, 15.928009298399662, 39.13254805404193, 28.065225338773676, 20.77508069184785, 30.235206981339154, 50.38888476052177, 19.58870635112271, 6.794252018672969, 44.39018237661821, 52.0515824268679, 50.41412600148428, 45.99682715050108, 12.167268641999978, 33.963605489839466, 9.630128513276624, 7.3109889179030905, 48.851465076889525, 7.254531662195874, 10.658538456700477, 43.72893000513912, 8.047105350361022, 31.381513422656862, 50.606644210716375, 34.00152213238498, 44.58361164431083, 5.3205668946244975, 55.02508312430273, 9.312666372344072, 44.15754975254274, 43.75427756098053, 12.90102583032916, 43.44129157687225, 19.530014726829418, 54.71961034428562, 40.52084398649118, 38.34167646468418, 21.26387057434314, 7.278099942305397, 21.465643519258634, 7.527688432081414, 58.99331468867515, 26.969970101982838, 25.65888400489044, 30.94406893650325, 55.11318158826353, 21.037343300380176, 34.405909259770354, 52.70727252013668, 16.915195915411623, 45.03540770037802, 42.151184910968944, 12.911970598254895, 6.754156890626112, 47.3014459859468, 40.17630995844718, 22.051275174490712, 15.02988900668404, 58.060288519088196, 43.41708501125303, 25.308409225467834, 51.45975589123871, 36.366930053496944, 23.92919882876361, 38.310195644538716, 37.815150238898724, 33.103176995321235, 52.881670791788764, 56.09135464710938, 50.77121444477655, 25.656334687395276, 5.240590618223061, 23.608096187082424, 44.18166597916762, 17.50251556268449, 13.869059689981592, 47.8029589496188, 15.653281691995055, 31.652405440157136, 51.665472406807304, 14.49757466381849, 21.03533796472123, 14.117876406611186, 18.95397575963905, 32.03787445434287, 48.36461597319543, 58.51467648175473, 53.66144920885514, 12.163191701174206, 20.811697832558657, 48.107060107522216, 31.562309560157335, 17.655940338229932, 55.85420464889721, 47.481227796973734, 58.301858932422434, 44.270386835089134, 40.82604398172471, 24.721830729883532, 26.138093579783988, 44.76708746383897, 51.4042564115602, 8.889492614766862, 17.12649000136122, 31.19999418015328, 52.565359482774525, 16.2042671075289, 37.748887454966805, 49.61089687754663, 45.17468922057011, 59.28010214749091, 41.85509700947851, 11.488701753165026, 37.43311412554205, 12.004210796422964, 10.553935090183298, 28.503077166217526, 22.96992350387468, 50.36380635984584, 40.029029658733776, 11.382039766787228, 11.177804840043677, 31.248411240561676, 42.12076815761974, 56.32412392367979, 33.26428241631129, 58.32351120986463, 41.82287315059708, 54.86950710156442, 17.756755519724607, 21.584205760211695, 5.468668559738883, 14.971965341820942, 48.057198498579424, 38.87341047182935, 51.313205372036506, 30.16770106903315, 32.29768382374137, 25.823623567408447, 27.374361686888687, 46.17061243683432, 31.576984902138836, 16.561538692334423, 21.38184635929347, 30.91203296188146, 48.396190352428626, 51.89678218373162, 13.888330120743465, 50.323547083603344, 25.635200824205555, 27.173933059581618, 58.82936446767666, 6.595185139884716, 39.449577489852615, 29.660961468087105, 50.86711083744131, 27.802117764200457, 14.333062589087994, 35.43913340069861, 29.876153808921078, 11.029444556178134, 12.183805942959243, 37.01266373230052, 56.86785347458141, 50.9212977075062, 37.10920861564691, 19.625063309874225, 42.84082278936094, 33.14926474332445, 19.969654151616986, 58.943461834291874, 34.002452075384724, 59.039457800813246, 25.875709595487944, 25.66210735488084, 29.979391077612373, 12.006927292154742, 53.08307398605837, 9.828248161716768, 36.59188739409055, 33.25852403303867, 10.443809012807943, 51.054525897916214, 30.30546199576124, 56.43436936674455, 10.679938062044082, 18.895038064153432, 27.7449803773256, 37.83412051903055, 23.14518788693586, 11.954646968573655, 51.990244683858336, 26.842438723598292, 51.80828158156806, 6.771234624406851, 56.967108125417155, 29.469747387574746, 12.34640706646432, 57.0138344960023, 52.989500575839045, 12.36210084134943, 56.10955568112387, 10.514482743416067, 49.19376038341032, 34.90805258087736, 16.831813481191617, 31.661598018294143, 15.527374393755542, 51.597872720217524, 59.08099756167788, 14.222442911109296, 27.79104726430323, 14.62436115014118, 29.1871255998629, 55.87467035419889, 18.61674853214465, 35.787764366549, 43.965183129686395, 22.38591078310973, 44.557869398944874, 18.445162519696048, 13.917678758684776, 7.657761499975277, 26.396633462710938, 44.70080843386724, 11.540979045421015, 37.86718615818802, 22.761157035150013, 8.08980735392659, 55.66571622008048, 27.133071223797742, 40.549506067653326, 26.198775491341937, 54.8848413892663, 33.7568176512589, 55.22066837400346, 30.848903837505095, 41.29393360531272, 37.55411141287104, 44.05214989640512, 41.12074916431974, 28.962876791805677, 51.16940288044865, 41.52285674617181, 32.947237178236364, 12.782580575903157, 35.883468360828225, 29.16782900377846, 47.165509881546576, 19.852869546354665, 32.58517172399184, 36.557210279106584, 14.847282905180803, 51.09113907327664, 59.13141929447276, 37.43147985823801, 29.48363677045842, 56.06023218384366, 24.4187333914399, 33.21548481937081, 50.44036303167825, 47.88021889186091, 42.99872075204644, 57.2206915353794, 52.30992897473687, 44.05124814409497, 59.77987520436348, 27.58292806794197, 22.759157082118787, 9.054718941863793, 53.81588467162655, 31.309935975082162, 7.670087873093886, 43.636774496888464, 14.455688502210078, 9.200211708130402, 33.22751906360837, 11.595555977486239, 12.159787335493705, 9.850476800180232, 58.40197354093655, 22.472788732940923, 26.95742863881701, 46.74813487776533, 42.09489872289786, 26.905312014976072, 13.606051714700081, 40.230147422062196, 40.426976423392766, 38.7088725194919, 28.224777041464005, 18.381785968835636, 11.344453794348865, 41.74394299806228, 50.87433805164677, 58.04744127755961, 25.480978613481845, 22.210258914844953, 39.909736263880134, 29.044242367404717, 7.760803055603374, 22.499634197355537, 34.43531216166776, 25.441987150993107, 49.39287965007999, 12.704232110201097, 16.641006509532488, 22.395410441325943, 9.877664416034214, 53.87144921694427, 49.315752366079806, 52.20104042491598, 46.31307760473066, 26.746926014946197, 52.66533863722125, 5.427025399635827, 18.48354883476423, 38.7659726998816, 9.860020306446096, 51.29360605934697, 34.90165860592372, 14.345937618499732, 59.86768660077544, 34.715774386187675, 37.97399597655911, 10.748136209611896, 53.8168285142535, 21.139987257665243, 12.712895711159666, 20.62653898941451, 59.71351210637472, 26.88383668124698, 25.088642093146785, 38.58204575730375, 22.275834289684646, 8.263705727724023, 59.91295982696245, 48.91280289141754, 59.29431428113915, 59.31089942847754, 23.46558696399725, 13.865648403381284, 11.390456009798546, 8.483468965970815, 13.891437083090057, 20.653220107644408, 21.99029847559355, 28.75709442812589, 17.76885839470701, 57.57466412765823, 32.533508327387, 56.8268465060801, 27.67687333470132, 47.69890276411535, 25.48079731271293, 50.06310154622177, 36.799955736350995, 37.62245665010356, 42.033437813358745, 10.947863055072041, 15.010426765760425, 13.605597116322151, 24.25222550967608, 38.99840872291538, 23.38795578167916, 49.685291282393344, 21.668898415659477, 29.02288047655241, 30.4900831066012, 36.124407154846864, 13.560231040093152, 25.42540561645751, 37.09447272816875, 5.0085289677995, 56.19825647019429, 48.43194233452618, 12.680485628734857, 56.647984511875514, 5.689349845958727, 53.569137165064234, 30.791081006457027, 5.132448726949647, 27.35841106834633, 17.003552408181104, 32.889162516011346, 6.240708867999949, 8.332240036387063, 38.058870219518184, 53.551703433846214, 45.94797995779026, 16.58620169360139, 25.830696328613936, 52.45669111713565, 14.32065810574367, 25.003681206842714, 24.14911862889824, 32.363108371752546, 47.459558039807874, 48.39073961508453, 25.444023062723733, 16.270981762747112, 55.34416282978581, 59.5401041613195, 20.82028564995541, 10.344699529357733, 51.48073092015792, 13.157924163433215, 59.93072219898206, 38.806058529493356, 5.901350619956237, 28.525982026970826, 19.98291985315855, 26.150209812406935, 42.26704190349116, 34.28606903981575, 12.468130358319804, 36.04536188413614, 53.285919087880096, 52.874109991695704, 41.36759021068573, 7.5666974065587125, 54.31475454832189, 31.85905974185473, 6.462425443306317, 34.90570513106495, 38.50605160482718, 23.183308819387356, 12.55416809067069, 6.9890301015542855, 28.63901794085144, 28.98234968217686, 38.81080950614701, 41.454484525279284, 33.95415024919579, 14.587913569235342, 23.98199350363018, 36.364940802553946, 55.499745315758545, 26.39718086779806, 40.44981266530395, 14.319357894362367, 32.02219549907875, 50.46542655840147, 34.88099821503707, 8.673428091275559, 34.16621902623656, 53.24735344347555, 17.119144083130482, 30.431548914110703, 27.936959547693007, 37.059608192821706, 54.86879113258087, 46.903974135506346, 50.23766023128173, 41.518039117464426, 9.073865226855851, 34.61506139888698, 51.93753381336231, 27.252864272191275, 40.998355185709, 29.350121774513834, 14.968780401779863, 19.517961076896892, 38.94644618971902, 19.543094992643436, 59.466721211016605, 9.701253119880757, 53.93141737910604, 24.623838711099243, 37.798217440657844, 32.869756923609614, 25.142620333452804, 37.40089360373091, 41.8503711543533, 18.136097867604114, 15.795976345296694, 12.692219394823438, 32.38758123274629, 56.32367779413966, 38.524421411807396, 58.67693601843864, 46.707738067551965, 32.403465798761744, 23.382212083332988, 17.932419813265113, 56.76703935870197, 51.55529154033381, 54.516562677134246, 53.13380471601196, 14.497278410619959, 38.130138651614345, 52.013862684764774, 37.2313079189868, 23.249534372949665, 51.021917655539816, 8.539552658506672, 25.429786268532467, 58.25902737408171, 37.24917874672785, 54.82337877506737, 48.87875869775602, 24.295353823052494, 9.889283768886905, 38.886114903837566, 59.5578959265066, 40.328287529260635, 47.51741589349944, 31.287107523069633, 52.76956503729273, 36.62959123156464, 51.490467888915255, 37.16873272952356, 37.23929690425423, 48.87090910728784, 38.6779113562012, 8.555065489483011, 21.257960991670018, 44.998663082098915, 56.38911812778934, 35.975923170775786, 56.9409016804967, 40.86909500268531, 37.685129542080304, 22.412754343789306, 12.806033771831899, 7.531591449833648, 52.319526039324366, 25.09227989503086, 57.089112998028526, 47.351310064804565, 16.649725537268637, 28.108968441041313, 10.392398614653134, 32.94376429974291, 35.00977522699455, 28.05177740143696, 33.33095417175871, 55.060780161185775, 40.31017711792038, 45.501423359461484, 45.42107337209389, 58.914612853189375, 19.387897148607657, 51.25988220763729, 15.28513817907552, 40.09441180695094, 34.1524196287972, 36.04064479668672, 40.19181937315736, 42.73054939242463, 42.794625128964206, 32.12680194765527, 59.27939950929422, 52.4766320728037, 31.74196941640198, 40.26273144262905, 26.887770009264766, 56.58757163674999, 8.706114725524277, 51.2564413661656, 25.733037004175717, 33.09841312008324, 14.19163172917062, 35.64210049351681, 33.97094390168884, 57.548491860963615, 42.051253020799265, 56.63709733088145, 18.72588604145282, 8.020333463384649, 41.406163665671855, 47.044379886470416, 36.31934996721709, 15.087955518328148, 30.562456428972084, 56.9649667655726, 32.996763635209675, 59.51184460365231, 39.56667107523274, 15.531983109108975, 42.42892499711075, 12.633729909086885, 31.583406420643236, 30.14545458631465, 39.34196932891656, 11.444059179265958, 38.650924301372655, 42.17281755709616, 55.940470763607095, 57.651374669148716, 40.25637564158627, 37.18428058710912, 9.995433708115502, 55.238626353294755, 15.169271214316966, 58.47524477916285, 37.17740668691949, 38.69820537825002, 13.3870847305609, 53.72262740849302, 43.39982434005999, 57.29491844503827, 58.73996811279427, 42.84276251186401, 9.894314009690198, 59.50135391567804, 17.364517097302443, 49.235288457157814, 50.22199149871617, 40.368049760646706, 16.747559352884842, 38.39436624456081, 40.50614300217733, 11.707820645172488, 31.79900549990767, 54.893057046843275, 14.174701984269017, 35.84644458273708, 14.505964979196614, 59.09238888469179, 32.678924186372626, 11.87091666287394, 49.63333012185086, 14.627956069799415, 18.908560210263474, 33.68946293982914, 20.983608413946044, 38.58012058030384, 13.948834559832447, 24.91126979312178, 53.97100533116975, 26.60989123605499, 44.60620051677452, 6.401818287451611, 23.65521363780927, 22.40582804174909, 37.75564741889728, 59.227503870242394, 36.06066262923319, 30.875996056907287, 48.55546200543972, 49.00671924991693, 29.287789923618494, 12.77517165195174, 22.43793131006723, 27.728481698069476, 16.99551157288446, 51.93057238171298, 44.82905744557844, 44.70016544713708, 51.29850649257942, 20.216354319945513, 36.24747200548355, 38.87238748409605, 36.62523906373478, 6.104675255823779, 15.613591010651904, 48.74090036253289, 50.11653888711452, 48.674820836814405, 58.78909466661092, 42.43599759486521, 15.638524116113405, 5.172133861790357, 29.809969146302233, 28.781499055434423, 19.167818458355143, 16.515833974776243, 11.180470949266283, 27.84939684580403, 40.27447973217909, 48.51070273725098, 47.4878233458532, 41.51567874399129, 46.05296656130418, 10.06325975467544, 29.866359516980097, 42.631360382783264, 23.270427403720365, 25.057138209203394, 44.63454729982365, 26.218652809665787, 16.435052582954576, 48.771182679127755, 19.110796676513594, 59.4583468820444, 30.912125740338244, 11.4825367311063, 39.567465460874025, 7.798291959616186, 43.55562664010276, 10.971241375881903, 48.94185465000861, 51.7374100033775, 44.35312670085597, 21.632770124569042, 32.109268826170755, 44.975870991596786, 9.05280396552248, 48.951826800459074, 25.47409928982204, 24.55835229257875, 46.722598986579776, 25.559846249890665, 29.296264851255398, 29.6874469885249, 52.969266778326585, 43.82767556875761, 34.638523347582506, 58.72970158714849, 8.909945916711543, 15.321724049389026, 36.39386462255556, 26.848636172726657, 5.226597259879025, 38.68239389876548, 33.48583456249847, 10.684003482126187, 59.34029434565118, 32.80724886407128, 33.43970749418385, 20.003487783749087, 22.998580635951672, 59.071550157238555, 21.676071789594356, 33.380664984613276, 29.379864682056596, 24.573857491554634, 26.2945474723959, 56.96253028274736, 29.678156769267797, 51.25070979751995, 40.43216005434667, 12.033575767239878, 15.925108622685237, 11.674679142305848, 22.849521657920704, 12.144506656429346, 30.898097451126254, 8.560370450302429, 58.861168956595044, 59.65459380522405, 48.54547304655208, 33.6239131834804, 30.42399523944769, 55.92651527894573, 53.13873061219936, 41.35676292655332, 56.640344560784996, 24.192036973290225, 49.75044632417893, 51.218019770570834, 48.76096997567146, 21.100697174260592, 26.664432246254627, 53.82509710473143, 43.95683941314141, 7.242233483933784, 42.40892160167695, 32.94279117973423, 37.381805115179304, 26.170308302701525, 32.24837536559362, 38.42055777908741, 57.30414292919251, 31.905289916634633, 20.6744396598297, 21.150165886145754, 58.62308255884475, 16.79031321512502, 28.087920107152723, 32.14973202863805, 33.520718236741814, 26.051883741154068, 58.86452344485719, 37.22004361610024, 38.55396592575039, 12.949006634214301, 45.82963567488507, 47.32782130820827, 19.635184660347953, 59.780324253312735, 47.85370353448311, 12.193799979500449, 38.49355985859716, 25.375626576169417, 38.33934911875432, 31.001149538403624, 7.251816064363904, 35.52896715844899, 50.760077491926346, 51.432387173626594, 35.41743874656059, 22.429953395275874, 49.09793573991186, 36.785173601519006, 13.31390190374847, 47.18144182046763, 52.262421480024955, 18.286203114650952, 38.02451682283574, 8.80595502689189, 28.98313833647517, 31.679126356295768, 8.1410350974108, 51.3422615631864, 12.907426251342876, 16.12066834300724, 55.35169439540899, 8.788880674990276, 57.680947344797794, 17.964925738096866, 57.344378450213775, 32.5393307285889, 43.89687507987007, 33.969332871267824, 26.502561694523042, 58.40677429243909, 32.09858607274872, 56.17137547165942, 30.04729783849995, 35.15190668052746, 32.683898229439805, 10.255787352886715, 45.96389009456743, 50.025544261393264, 11.42900211936571, 40.279460664299116, 15.959853558237057, 26.702458922829578, 17.113330491504165, 22.105894760886752, 39.0303309739308, 24.98855671229685, 13.505896909258716, 17.019288366929985, 24.889307214076965, 54.90893210563906, 14.307960834175034, 36.016881275405325, 14.907140187422517, 39.13777042855331, 11.275861583093754, 30.498444013140244, 32.3756651479777, 28.488961040835868, 21.237975932398328, 21.7416008335943, 11.674351152121284, 56.45075275938319, 47.365626838746095, 44.48736471807099, 5.448110114971886, 39.831964506418494, 16.535667690380958, 27.469712638156977, 26.835859953065295, 19.866615791523287, 24.013078841923736, 31.685303316299425, 24.58044871251721, 51.533593818836, 43.861179314348085, 5.194688791805344, 48.6249656802015, 42.774580866973174, 26.34289095701983, 52.10037152471405, 24.537971884107723, 41.001481067889785, 22.703959558895697, 52.80553591184389, 58.86072712129219, 54.40477114600771, 44.31902605429849, 8.855494148472488, 17.78274829539209, 48.42738268607097, 30.204715202585454, 54.24790206965267, 7.744999848539817, 9.42570261036016, 28.640100823542824, 21.534065623569386, 57.5853879044557, 9.582135542306577, 33.5891662162593, 50.33920751429101, 52.107793559555844, 5.244252825654875, 32.68194839260843, 51.709378894404, 38.47578814769054, 6.644680895721491, 23.170253285310874, 10.488184359231063
    omt = 28.287016
    mass = 1.0
    temp = 1.0
    dens = 1.0
    charge = 1
/

&species
    name = 'e'
    omn = 15.265123       !scanwith: 0, 44.71716464657722, 35.306405562297385, 21.313373781576203, 25.83707156134939, 38.378962407803606, 11.331469253276842, 15.400691132192868, 49.12228637652361, 19.326620516640585, 13.328627296490886, 48.07596884450094, 10.375966302949683, 6.34631916656648, 38.66504968873877, 11.622732143535888, 32.70898429262016, 25.6304580035009, 36.735600301440854, 24.136946308237306, 59.72320251963917, 19.576571140117913, 48.566447612230775, 11.940056021254602, 9.464996360870362, 5.676091052258927, 58.72205889898681, 7.709942332754235, 19.269349284532336, 39.69476102479665, 39.43517915606645, 38.47494981519888, 7.725548226920511, 35.15308668127762, 29.79070001006047, 45.364052099554385, 36.142850348123744, 38.17439246250021, 5.982632225474526, 37.505541065905376, 9.433691397174844, 33.829423288114185, 24.244495076843215, 35.272311888104966, 6.225543947272758, 29.923904611235006, 29.468164257084478, 56.03570197111979, 19.420576463112752, 49.52005943636669, 6.998020575352834, 55.86577566007931, 7.54434990316954, 26.56934151960106, 25.78124268324614, 17.115882432295095, 41.96777973535332, 16.154915511041068, 34.20076329770824, 59.46052175577581, 15.09872250630318, 12.821413345111667, 55.03637255728606, 50.11995052683913, 32.89303176457802, 20.324351699885668, 45.31293756625236, 26.684581372965415, 13.578842725834742, 48.47949955212276, 8.579609285288516, 56.56677893760037, 25.285252016744472, 33.974335999399145, 28.873498169185964, 57.210309744896705, 11.075916565814794, 49.97522898088201, 56.621925001642865, 30.607714888125543, 42.76097879586726, 40.1610447330388, 52.83220709327888, 36.86605702470796, 50.38828175458866, 13.051464338557071, 26.582235165877194, 18.256809454208472, 51.708084730212654, 39.49103148976803, 46.63500626480468, 19.21769935095063, 59.974696440346236, 30.5782159143569, 11.391759898748523, 57.482382097785674, 23.642024540674235, 39.80965615504343, 57.3940049270714, 13.973374887168461, 57.94700938919659, 7.1717478420542236, 5.77137267800054, 26.348168221574873, 45.356073704561275, 41.772093512851946, 15.928009298399662, 39.13254805404193, 28.065225338773676, 20.77508069184785, 30.235206981339154, 50.38888476052177, 19.58870635112271, 6.794252018672969, 44.39018237661821, 52.0515824268679, 50.41412600148428, 45.99682715050108, 12.167268641999978, 33.963605489839466, 9.630128513276624, 7.3109889179030905, 48.851465076889525, 7.254531662195874, 10.658538456700477, 43.72893000513912, 8.047105350361022, 31.381513422656862, 50.606644210716375, 34.00152213238498, 44.58361164431083, 5.3205668946244975, 55.02508312430273, 9.312666372344072, 44.15754975254274, 43.75427756098053, 12.90102583032916, 43.44129157687225, 19.530014726829418, 54.71961034428562, 40.52084398649118, 38.34167646468418, 21.26387057434314, 7.278099942305397, 21.465643519258634, 7.527688432081414, 58.99331468867515, 26.969970101982838, 25.65888400489044, 30.94406893650325, 55.11318158826353, 21.037343300380176, 34.405909259770354, 52.70727252013668, 16.915195915411623, 45.03540770037802, 42.151184910968944, 12.911970598254895, 6.754156890626112, 47.3014459859468, 40.17630995844718, 22.051275174490712, 15.02988900668404, 58.060288519088196, 43.41708501125303, 25.308409225467834, 51.45975589123871, 36.366930053496944, 23.92919882876361, 38.310195644538716, 37.815150238898724, 33.103176995321235, 52.881670791788764, 56.09135464710938, 50.77121444477655, 25.656334687395276, 5.240590618223061, 23.608096187082424, 44.18166597916762, 17.50251556268449, 13.869059689981592, 47.8029589496188, 15.653281691995055, 31.652405440157136, 51.665472406807304, 14.49757466381849, 21.03533796472123, 14.117876406611186, 18.95397575963905, 32.03787445434287, 48.36461597319543, 58.51467648175473, 53.66144920885514, 12.163191701174206, 20.811697832558657, 48.107060107522216, 31.562309560157335, 17.655940338229932, 55.85420464889721, 47.481227796973734, 58.301858932422434, 44.270386835089134, 40.82604398172471, 24.721830729883532, 26.138093579783988, 44.76708746383897, 51.4042564115602, 8.889492614766862, 17.12649000136122, 31.19999418015328, 52.565359482774525, 16.2042671075289, 37.748887454966805, 49.61089687754663, 45.17468922057011, 59.28010214749091, 41.85509700947851, 11.488701753165026, 37.43311412554205, 12.004210796422964, 10.553935090183298, 28.503077166217526, 22.96992350387468, 50.36380635984584, 40.029029658733776, 11.382039766787228, 11.177804840043677, 31.248411240561676, 42.12076815761974, 56.32412392367979, 33.26428241631129, 58.32351120986463, 41.82287315059708, 54.86950710156442, 17.756755519724607, 21.584205760211695, 5.468668559738883, 14.971965341820942, 48.057198498579424, 38.87341047182935, 51.313205372036506, 30.16770106903315, 32.29768382374137, 25.823623567408447, 27.374361686888687, 46.17061243683432, 31.576984902138836, 16.561538692334423, 21.38184635929347, 30.91203296188146, 48.396190352428626, 51.89678218373162, 13.888330120743465, 50.323547083603344, 25.635200824205555, 27.173933059581618, 58.82936446767666, 6.595185139884716, 39.449577489852615, 29.660961468087105, 50.86711083744131, 27.802117764200457, 14.333062589087994, 35.43913340069861, 29.876153808921078, 11.029444556178134, 12.183805942959243, 37.01266373230052, 56.86785347458141, 50.9212977075062, 37.10920861564691, 19.625063309874225, 42.84082278936094, 33.14926474332445, 19.969654151616986, 58.943461834291874, 34.002452075384724, 59.039457800813246, 25.875709595487944, 25.66210735488084, 29.979391077612373, 12.006927292154742, 53.08307398605837, 9.828248161716768, 36.59188739409055, 33.25852403303867, 10.443809012807943, 51.054525897916214, 30.30546199576124, 56.43436936674455, 10.679938062044082, 18.895038064153432, 27.7449803773256, 37.83412051903055, 23.14518788693586, 11.954646968573655, 51.990244683858336, 26.842438723598292, 51.80828158156806, 6.771234624406851, 56.967108125417155, 29.469747387574746, 12.34640706646432, 57.0138344960023, 52.989500575839045, 12.36210084134943, 56.10955568112387, 10.514482743416067, 49.19376038341032, 34.90805258087736, 16.831813481191617, 31.661598018294143, 15.527374393755542, 51.597872720217524, 59.08099756167788, 14.222442911109296, 27.79104726430323, 14.62436115014118, 29.1871255998629, 55.87467035419889, 18.61674853214465, 35.787764366549, 43.965183129686395, 22.38591078310973, 44.557869398944874, 18.445162519696048, 13.917678758684776, 7.657761499975277, 26.396633462710938, 44.70080843386724, 11.540979045421015, 37.86718615818802, 22.761157035150013, 8.08980735392659, 55.66571622008048, 27.133071223797742, 40.549506067653326, 26.198775491341937, 54.8848413892663, 33.7568176512589, 55.22066837400346, 30.848903837505095, 41.29393360531272, 37.55411141287104, 44.05214989640512, 41.12074916431974, 28.962876791805677, 51.16940288044865, 41.52285674617181, 32.947237178236364, 12.782580575903157, 35.883468360828225, 29.16782900377846, 47.165509881546576, 19.852869546354665, 32.58517172399184, 36.557210279106584, 14.847282905180803, 51.09113907327664, 59.13141929447276, 37.43147985823801, 29.48363677045842, 56.06023218384366, 24.4187333914399, 33.21548481937081, 50.44036303167825, 47.88021889186091, 42.99872075204644, 57.2206915353794, 52.30992897473687, 44.05124814409497, 59.77987520436348, 27.58292806794197, 22.759157082118787, 9.054718941863793, 53.81588467162655, 31.309935975082162, 7.670087873093886, 43.636774496888464, 14.455688502210078, 9.200211708130402, 33.22751906360837, 11.595555977486239, 12.159787335493705, 9.850476800180232, 58.40197354093655, 22.472788732940923, 26.95742863881701, 46.74813487776533, 42.09489872289786, 26.905312014976072, 13.606051714700081, 40.230147422062196, 40.426976423392766, 38.7088725194919, 28.224777041464005, 18.381785968835636, 11.344453794348865, 41.74394299806228, 50.87433805164677, 58.04744127755961, 25.480978613481845, 22.210258914844953, 39.909736263880134, 29.044242367404717, 7.760803055603374, 22.499634197355537, 34.43531216166776, 25.441987150993107, 49.39287965007999, 12.704232110201097, 16.641006509532488, 22.395410441325943, 9.877664416034214, 53.87144921694427, 49.315752366079806, 52.20104042491598, 46.31307760473066, 26.746926014946197, 52.66533863722125, 5.427025399635827, 18.48354883476423, 38.7659726998816, 9.860020306446096, 51.29360605934697, 34.90165860592372, 14.345937618499732, 59.86768660077544, 34.715774386187675, 37.97399597655911, 10.748136209611896, 53.8168285142535, 21.139987257665243, 12.712895711159666, 20.62653898941451, 59.71351210637472, 26.88383668124698, 25.088642093146785, 38.58204575730375, 22.275834289684646, 8.263705727724023, 59.91295982696245, 48.91280289141754, 59.29431428113915, 59.31089942847754, 23.46558696399725, 13.865648403381284, 11.390456009798546, 8.483468965970815, 13.891437083090057, 20.653220107644408, 21.99029847559355, 28.75709442812589, 17.76885839470701, 57.57466412765823, 32.533508327387, 56.8268465060801, 27.67687333470132, 47.69890276411535, 25.48079731271293, 50.06310154622177, 36.799955736350995, 37.62245665010356, 42.033437813358745, 10.947863055072041, 15.010426765760425, 13.605597116322151, 24.25222550967608, 38.99840872291538, 23.38795578167916, 49.685291282393344, 21.668898415659477, 29.02288047655241, 30.4900831066012, 36.124407154846864, 13.560231040093152, 25.42540561645751, 37.09447272816875, 5.0085289677995, 56.19825647019429, 48.43194233452618, 12.680485628734857, 56.647984511875514, 5.689349845958727, 53.569137165064234, 30.791081006457027, 5.132448726949647, 27.35841106834633, 17.003552408181104, 32.889162516011346, 6.240708867999949, 8.332240036387063, 38.058870219518184, 53.551703433846214, 45.94797995779026, 16.58620169360139, 25.830696328613936, 52.45669111713565, 14.32065810574367, 25.003681206842714, 24.14911862889824, 32.363108371752546, 47.459558039807874, 48.39073961508453, 25.444023062723733, 16.270981762747112, 55.34416282978581, 59.5401041613195, 20.82028564995541, 10.344699529357733, 51.48073092015792, 13.157924163433215, 59.93072219898206, 38.806058529493356, 5.901350619956237, 28.525982026970826, 19.98291985315855, 26.150209812406935, 42.26704190349116, 34.28606903981575, 12.468130358319804, 36.04536188413614, 53.285919087880096, 52.874109991695704, 41.36759021068573, 7.5666974065587125, 54.31475454832189, 31.85905974185473, 6.462425443306317, 34.90570513106495, 38.50605160482718, 23.183308819387356, 12.55416809067069, 6.9890301015542855, 28.63901794085144, 28.98234968217686, 38.81080950614701, 41.454484525279284, 33.95415024919579, 14.587913569235342, 23.98199350363018, 36.364940802553946, 55.499745315758545, 26.39718086779806, 40.44981266530395, 14.319357894362367, 32.02219549907875, 50.46542655840147, 34.88099821503707, 8.673428091275559, 34.16621902623656, 53.24735344347555, 17.119144083130482, 30.431548914110703, 27.936959547693007, 37.059608192821706, 54.86879113258087, 46.903974135506346, 50.23766023128173, 41.518039117464426, 9.073865226855851, 34.61506139888698, 51.93753381336231, 27.252864272191275, 40.998355185709, 29.350121774513834, 14.968780401779863, 19.517961076896892, 38.94644618971902, 19.543094992643436, 59.466721211016605, 9.701253119880757, 53.93141737910604, 24.623838711099243, 37.798217440657844, 32.869756923609614, 25.142620333452804, 37.40089360373091, 41.8503711543533, 18.136097867604114, 15.795976345296694, 12.692219394823438, 32.38758123274629, 56.32367779413966, 38.524421411807396, 58.67693601843864, 46.707738067551965, 32.403465798761744, 23.382212083332988, 17.932419813265113, 56.76703935870197, 51.55529154033381, 54.516562677134246, 53.13380471601196, 14.497278410619959, 38.130138651614345, 52.013862684764774, 37.2313079189868, 23.249534372949665, 51.021917655539816, 8.539552658506672, 25.429786268532467, 58.25902737408171, 37.24917874672785, 54.82337877506737, 48.87875869775602, 24.295353823052494, 9.889283768886905, 38.886114903837566, 59.5578959265066, 40.328287529260635, 47.51741589349944, 31.287107523069633, 52.76956503729273, 36.62959123156464, 51.490467888915255, 37.16873272952356, 37.23929690425423, 48.87090910728784, 38.6779113562012, 8.555065489483011, 21.257960991670018, 44.998663082098915, 56.38911812778934, 35.975923170775786, 56.9409016804967, 40.86909500268531, 37.685129542080304, 22.412754343789306, 12.806033771831899, 7.531591449833648, 52.319526039324366, 25.09227989503086, 57.089112998028526, 47.351310064804565, 16.649725537268637, 28.108968441041313, 10.392398614653134, 32.94376429974291, 35.00977522699455, 28.05177740143696, 33.33095417175871, 55.060780161185775, 40.31017711792038, 45.501423359461484, 45.42107337209389, 58.914612853189375, 19.387897148607657, 51.25988220763729, 15.28513817907552, 40.09441180695094, 34.1524196287972, 36.04064479668672, 40.19181937315736, 42.73054939242463, 42.794625128964206, 32.12680194765527, 59.27939950929422, 52.4766320728037, 31.74196941640198, 40.26273144262905, 26.887770009264766, 56.58757163674999, 8.706114725524277, 51.2564413661656, 25.733037004175717, 33.09841312008324, 14.19163172917062, 35.64210049351681, 33.97094390168884, 57.548491860963615, 42.051253020799265, 56.63709733088145, 18.72588604145282, 8.020333463384649, 41.406163665671855, 47.044379886470416, 36.31934996721709, 15.087955518328148, 30.562456428972084, 56.9649667655726, 32.996763635209675, 59.51184460365231, 39.56667107523274, 15.531983109108975, 42.42892499711075, 12.633729909086885, 31.583406420643236, 30.14545458631465, 39.34196932891656, 11.444059179265958, 38.650924301372655, 42.17281755709616, 55.940470763607095, 57.651374669148716, 40.25637564158627, 37.18428058710912, 9.995433708115502, 55.238626353294755, 15.169271214316966, 58.47524477916285, 37.17740668691949, 38.69820537825002, 13.3870847305609, 53.72262740849302, 43.39982434005999, 57.29491844503827, 58.73996811279427, 42.84276251186401, 9.894314009690198, 59.50135391567804, 17.364517097302443, 49.235288457157814, 50.22199149871617, 40.368049760646706, 16.747559352884842, 38.39436624456081, 40.50614300217733, 11.707820645172488, 31.79900549990767, 54.893057046843275, 14.174701984269017, 35.84644458273708, 14.505964979196614, 59.09238888469179, 32.678924186372626, 11.87091666287394, 49.63333012185086, 14.627956069799415, 18.908560210263474, 33.68946293982914, 20.983608413946044, 38.58012058030384, 13.948834559832447, 24.91126979312178, 53.97100533116975, 26.60989123605499, 44.60620051677452, 6.401818287451611, 23.65521363780927, 22.40582804174909, 37.75564741889728, 59.227503870242394, 36.06066262923319, 30.875996056907287, 48.55546200543972, 49.00671924991693, 29.287789923618494, 12.77517165195174, 22.43793131006723, 27.728481698069476, 16.99551157288446, 51.93057238171298, 44.82905744557844, 44.70016544713708, 51.29850649257942, 20.216354319945513, 36.24747200548355, 38.87238748409605, 36.62523906373478, 6.104675255823779, 15.613591010651904, 48.74090036253289, 50.11653888711452, 48.674820836814405, 58.78909466661092, 42.43599759486521, 15.638524116113405, 5.172133861790357, 29.809969146302233, 28.781499055434423, 19.167818458355143, 16.515833974776243, 11.180470949266283, 27.84939684580403, 40.27447973217909, 48.51070273725098, 47.4878233458532, 41.51567874399129, 46.05296656130418, 10.06325975467544, 29.866359516980097, 42.631360382783264, 23.270427403720365, 25.057138209203394, 44.63454729982365, 26.218652809665787, 16.435052582954576, 48.771182679127755, 19.110796676513594, 59.4583468820444, 30.912125740338244, 11.4825367311063, 39.567465460874025, 7.798291959616186, 43.55562664010276, 10.971241375881903, 48.94185465000861, 51.7374100033775, 44.35312670085597, 21.632770124569042, 32.109268826170755, 44.975870991596786, 9.05280396552248, 48.951826800459074, 25.47409928982204, 24.55835229257875, 46.722598986579776, 25.559846249890665, 29.296264851255398, 29.6874469885249, 52.969266778326585, 43.82767556875761, 34.638523347582506, 58.72970158714849, 8.909945916711543, 15.321724049389026, 36.39386462255556, 26.848636172726657, 5.226597259879025, 38.68239389876548, 33.48583456249847, 10.684003482126187, 59.34029434565118, 32.80724886407128, 33.43970749418385, 20.003487783749087, 22.998580635951672, 59.071550157238555, 21.676071789594356, 33.380664984613276, 29.379864682056596, 24.573857491554634, 26.2945474723959, 56.96253028274736, 29.678156769267797, 51.25070979751995, 40.43216005434667, 12.033575767239878, 15.925108622685237, 11.674679142305848, 22.849521657920704, 12.144506656429346, 30.898097451126254, 8.560370450302429, 58.861168956595044, 59.65459380522405, 48.54547304655208, 33.6239131834804, 30.42399523944769, 55.92651527894573, 53.13873061219936, 41.35676292655332, 56.640344560784996, 24.192036973290225, 49.75044632417893, 51.218019770570834, 48.76096997567146, 21.100697174260592, 26.664432246254627, 53.82509710473143, 43.95683941314141, 7.242233483933784, 42.40892160167695, 32.94279117973423, 37.381805115179304, 26.170308302701525, 32.24837536559362, 38.42055777908741, 57.30414292919251, 31.905289916634633, 20.6744396598297, 21.150165886145754, 58.62308255884475, 16.79031321512502, 28.087920107152723, 32.14973202863805, 33.520718236741814, 26.051883741154068, 58.86452344485719, 37.22004361610024, 38.55396592575039, 12.949006634214301, 45.82963567488507, 47.32782130820827, 19.635184660347953, 59.780324253312735, 47.85370353448311, 12.193799979500449, 38.49355985859716, 25.375626576169417, 38.33934911875432, 31.001149538403624, 7.251816064363904, 35.52896715844899, 50.760077491926346, 51.432387173626594, 35.41743874656059, 22.429953395275874, 49.09793573991186, 36.785173601519006, 13.31390190374847, 47.18144182046763, 52.262421480024955, 18.286203114650952, 38.02451682283574, 8.80595502689189, 28.98313833647517, 31.679126356295768, 8.1410350974108, 51.3422615631864, 12.907426251342876, 16.12066834300724, 55.35169439540899, 8.788880674990276, 57.680947344797794, 17.964925738096866, 57.344378450213775, 32.5393307285889, 43.89687507987007, 33.969332871267824, 26.502561694523042, 58.40677429243909, 32.09858607274872, 56.17137547165942, 30.04729783849995, 35.15190668052746, 32.683898229439805, 10.255787352886715, 45.96389009456743, 50.025544261393264, 11.42900211936571, 40.279460664299116, 15.959853558237057, 26.702458922829578, 17.113330491504165, 22.105894760886752, 39.0303309739308, 24.98855671229685, 13.505896909258716, 17.019288366929985, 24.889307214076965, 54.90893210563906, 14.307960834175034, 36.016881275405325, 14.907140187422517, 39.13777042855331, 11.275861583093754, 30.498444013140244, 32.3756651479777, 28.488961040835868, 21.237975932398328, 21.7416008335943, 11.674351152121284, 56.45075275938319, 47.365626838746095, 44.48736471807099, 5.448110114971886, 39.831964506418494, 16.535667690380958, 27.469712638156977, 26.835859953065295, 19.866615791523287, 24.013078841923736, 31.685303316299425, 24.58044871251721, 51.533593818836, 43.861179314348085, 5.194688791805344, 48.6249656802015, 42.774580866973174, 26.34289095701983, 52.10037152471405, 24.537971884107723, 41.001481067889785, 22.703959558895697, 52.80553591184389, 58.86072712129219, 54.40477114600771, 44.31902605429849, 8.855494148472488, 17.78274829539209, 48.42738268607097, 30.204715202585454, 54.24790206965267, 7.744999848539817, 9.42570261036016, 28.640100823542824, 21.534065623569386, 57.5853879044557, 9.582135542306577, 33.5891662162593, 50.33920751429101, 52.107793559555844, 5.244252825654875, 32.68194839260843, 51.709378894404, 38.47578814769054, 6.644680895721491, 23.170253285310874, 10.488184359231063
    omt = 28.287016       !scanwith: 0, 57.370319186055525, 17.759946682401328, 29.34176113230984, 17.192259042385913, 20.8521201620146, 43.79089803007555, 40.54401893346294, 22.99531941584267, 33.44140889637113, 61.640631975129615, 11.250784357871941, 23.34802111473886, 30.86002750103036, 12.384589752786097, 40.95776396900741, 64.60385094818515, 66.55806948348254, 57.39467060074267, 28.301120620682312, 52.802568816681216, 52.271765319719755, 18.52918701611697, 39.07952742582247, 14.213972876570013, 57.366973018351445, 14.64713484355479, 33.15221897827778, 51.62226988884571, 50.49580946672358, 41.254603094294424, 34.768331396479525, 45.41586586447657, 59.35440826847124, 32.60126463578844, 57.39958166561639, 11.470157505158827, 35.949908339592916, 62.46126017914483, 10.459395750727477, 62.31230045113671, 37.38143010376828, 20.77429610289436, 69.83871262908237, 21.150940573022392, 28.274148769117836, 38.449493964357785, 46.13869815859973, 35.659633832380464, 30.43645128995131, 54.10397439746192, 31.761154371961936, 42.501341943018936, 46.056335733547066, 54.72984066098239, 11.445893338382868, 29.545235922573415, 56.873754959139184, 39.54388494747291, 27.438766374548972, 42.649551528666834, 23.672040437385327, 29.53196945872317, 61.36468055660883, 62.4013599276687, 34.97073068955885, 21.343169528053306, 65.19817904469825, 42.0381449126303, 14.198586810750275, 30.038725548285903, 45.09693067827341, 44.85961200716449, 49.0315443474737, 28.759014261002605, 19.225507274303325, 61.23051507680838, 13.67944109384946, 36.47110075360973, 56.50421053663358, 62.61763923241354, 23.864303194514687, 11.309580533953472, 42.58766464405306, 24.220811921395683, 18.30574111721524, 49.568539039617825, 30.590025832887093, 37.56576561369205, 17.415789994025637, 58.90712014557105, 25.787823313781878, 68.1144157859575, 21.980209661745665, 45.21739126508396, 26.535166935415834, 25.22649660856367, 11.092402085448043, 50.86114635910043, 32.348526126594415, 55.033038090130326, 62.640902788301524, 67.65651744562894, 25.170223472743274, 11.809383759674713, 57.28485427779208, 37.73639300115316, 30.82056704531546, 18.671948251395943, 67.50215239004729, 25.461507659947564, 68.21954292691575, 38.47516610053928, 41.266835681657426, 22.569373044046674, 35.460522501350106, 27.082489553900448, 28.076934552698283, 30.966759741015693, 47.522608011475064, 61.8093354736847, 60.53046954538419, 47.20974141588321, 54.30305968142193, 55.98003702720796, 18.234239732369968, 42.252776600730684, 57.419877139612765, 35.849012210530034, 30.440855061638196, 56.95649245348046, 26.899239823028687, 45.1726143727407, 19.68614319556533, 39.433220561331225, 10.138553756440633, 53.484342861417545, 63.217965616240164, 33.24092213385859, 46.315857306654074, 34.71168740386334, 28.370674627127002, 54.29186968287562, 60.33866140842827, 50.608373011445885, 37.807968324962886, 16.919618844060274, 57.618197299021276, 35.725732868392626, 12.551232711675874, 17.295598338025474, 51.25002907674027, 20.90067885091065, 44.404284277173225, 15.893399478524032, 11.254436333861271, 22.196316843674104, 30.82056327547285, 57.76978267242102, 10.99796309419731, 11.847363494615283, 21.738212927906734, 29.55746902853301, 61.55522140626124, 48.776833723195686, 61.37418921262703, 18.98002995572822, 10.97562495600364, 18.625986632790955, 28.979647949096485, 55.01598453227353, 33.817358671831514, 46.20285563612171, 14.004157897982967, 54.81883291558659, 12.990268518125625, 49.84613737907157, 52.837016358668144, 49.36574626177515, 44.121264879335996, 26.463264087849947, 65.22831668466856, 15.64144594302326, 47.788998293899574, 45.27705280837457, 11.130289052065185, 49.055609193464555, 36.78559056144544, 43.030243889266636, 40.95166069279242, 48.925976724656124, 16.473591679135318, 42.97475237526133, 17.703623379046707, 31.045993357046466, 11.133575571567349, 16.366724393359636, 44.02389098799233, 31.179376542287695, 55.49446297716701, 59.41177298321677, 20.553024497980594, 38.83171872038238, 10.541580193354234, 68.05779978884115, 47.741454825997195, 12.190414354852567, 58.94352330073896, 41.82625635156131, 24.4406796874145, 28.28322010049775, 17.606146195967675, 41.60922056970668, 31.770004426339582, 39.66937244839374, 66.5107747295967, 23.609770066563208, 51.24905864092033, 30.830470790578413, 30.14463625860359, 36.502394335219535, 32.24001993312867, 20.2454426028984, 15.027145131141085, 61.37585353488889, 34.28097694999712, 33.11960300069916, 11.463369772105514, 35.17027940119729, 18.22756432690354, 56.18669574904715, 12.830703586079386, 11.372563955510453, 29.251817174218992, 22.03453429088973, 23.557237315047626, 42.360168019426126, 14.17042450932075, 20.596670513822804, 65.34026820787645, 66.48801041863746, 53.940959676399984, 22.99347127331161, 12.307502174384181, 56.721009743013305, 41.84920399460777, 41.2559194324602, 39.28868331931855, 42.03896637761086, 52.56251045534553, 44.12897626437363, 22.52357903901962, 65.39990493368695, 17.256907431260625, 32.905831320357855, 11.586768219461243, 24.1556673154549, 68.14002284110069, 30.357863603061993, 51.022948794131224, 11.658180751004668, 61.80771712883394, 48.89076625180198, 53.85724277392065, 53.39344929587036, 44.893127981557086, 27.410106942140104, 40.74173722254476, 31.761289702242056, 50.31021945373589, 34.796162094137465, 23.10263194217802, 60.496557398128445, 26.11444354846395, 66.98903822899923, 52.274324602464404, 64.22408237598647, 60.83478197703288, 26.355187510620986, 13.871590965617568, 63.52710219867943, 50.0713626932761, 42.6826626701635, 29.74456319736378, 55.085066914489374, 40.40150288399613, 37.168514787672194, 53.94560535960154, 41.842181044531145, 57.96010364749637, 50.019934239725146, 66.06924957062176, 66.22688805578488, 14.802790160516448, 45.58624141740679, 53.53508727411682, 55.85129413878802, 41.00647745997569, 22.674113842527102, 18.975291067684026, 16.28849047327491, 25.23911666902203, 19.64022011040604, 46.767351644975065, 54.06313342307506, 29.978315513454934, 67.01198772370594, 27.61634653538209, 67.45896867627965, 14.136857829288287, 58.73604580989479, 62.65566264388041, 29.44347294148468, 59.38480714533297, 65.93230723393805, 39.093412435005696, 31.162799632345113, 47.1083907175876, 63.775621091183844, 33.34245628575545, 60.882823538054154, 61.55342880582329, 60.868208507692465, 23.822860536105416, 46.81590562027015, 55.45796143201569, 60.27026127803286, 58.888719008050195, 40.18313307087297, 55.296225500219485, 59.51045998788857, 13.939481343341178, 63.83600241868329, 51.11701859589994, 20.498244072805363, 50.75836596585535, 52.94845149746471, 51.64685534117046, 45.36020374414543, 12.367611529194228, 48.13864821844022, 33.48239911685782, 51.243384456469784, 44.94198057692469, 59.3137111500221, 15.569279695818498, 66.13663487650024, 18.938566470413626, 61.63377576448286, 58.61387902294791, 44.36175087869138, 36.816916014452985, 64.74312251118275, 52.14072696001115, 55.59685096504404, 53.71202587360271, 16.48920019172455, 64.40717387980322, 11.20680254415404, 35.2073571486119, 17.93029105433765, 35.232576257956765, 51.27263480974489, 29.252102268339762, 38.300389562730636, 17.882109031839516, 16.701227336545504, 66.6054778906307, 66.14613363304244, 37.15854617763458, 60.896910843722026, 61.86197306795864, 32.18100834895018, 62.851371649807, 23.34986887247519, 47.01866327945236, 64.05544219849457, 59.47512123325742, 36.38279761876427, 69.13412082993634, 26.833256508032786, 57.381795880162045, 43.69435988006214, 18.733761213395127, 66.03297270313294, 62.672278990689485, 30.18595773929269, 54.12658515151029, 25.808814097969176, 51.41006121296482, 47.15519860431914, 23.597944762817054, 11.701234548686665, 37.192444360356845, 26.51058958628522, 22.70078205012829, 60.95432585780836, 28.2101612523757, 67.32505871302294, 65.8214336124589, 12.371138659073889, 60.74910145220868, 39.43264259198344, 69.50699065656612, 32.122012726487796, 23.36464687834992, 23.634569591828892, 49.4726980072929, 65.50312763273944, 18.867519625957463, 53.917309650539295, 36.90107950801746, 59.76127678996816, 25.782785760845304, 44.462635710131806, 68.77059857939219, 51.93326478395946, 68.50567570953015, 28.812587812191047, 64.85810443192702, 13.33697092320297, 40.42565982019456, 28.17443512868223, 47.932504472803274, 20.93345952748509, 46.00178405786061, 60.890267911556855, 24.397878656623973, 26.426703462890167, 43.76707401778462, 14.476309181547704, 45.98796525076163, 62.67308963774377, 24.36220778736256, 29.620843526399547, 14.021588924875344, 37.18919795626246, 35.26693017517485, 56.0335095541089, 59.297517606035186, 35.67105171435887, 47.797471445867146, 24.348604958028957, 14.643909535551057, 19.66550169400606, 59.492754877421454, 57.69180362444072, 10.738225086716044, 31.724050912308442, 37.55941863682828, 39.68744438727437, 21.988758642343285, 67.68725078861245, 67.96015562098049, 42.17214218330953, 46.13244821380785, 18.554879200333453, 56.881013520469246, 23.448094690930894, 58.856899117899154, 21.40654019349426, 62.668086733163925, 42.161090898537665, 38.687774976345466, 41.79402385534201, 30.359689900297173, 15.668715182937195, 45.428573038969674, 50.939418375587785, 20.41680974788776, 53.74116952638645, 38.60804490824124, 24.43069120263287, 53.405562289359175, 20.351411847870487, 27.407111548905366, 64.36618424586715, 50.064815907106194, 50.88831889271052, 18.88796213250151, 23.181441416363942, 28.070629427703, 21.45631339882182, 54.96083488000708, 51.251037207207006, 36.504253075927394, 24.677664239492373, 22.96877806987475, 55.1094271893645, 67.59813496180125, 15.59022318644926, 33.33157203764261, 19.328823002412445, 60.06652718923853, 46.00675738360968, 42.813687361060055, 33.17769708276206, 59.43179600095359, 47.16931352813784, 12.355195980414578, 64.01136342811235, 26.598163729363492, 62.17734582379082, 65.96996674511385, 40.62722902132067, 31.42594659742987, 37.19971511429465, 35.776536095369664, 21.658487830616643, 57.36540674014223, 50.56027319225866, 35.665977368053966, 51.231649023705785, 63.28718268686927, 59.15806148154038, 20.686466085050764, 56.83334526915642, 63.710391217689846, 13.821632865325856, 47.33741907581248, 24.453357493337002, 23.964399956127046, 44.100618559765124, 10.683429326376961, 14.946942701181632, 47.78040976500438, 49.09987336566684, 27.379112024338937, 13.48355900497017, 13.237348380018364, 20.17873156366393, 29.992416723899765, 39.639994405682145, 16.344547837565106, 65.61822594846033, 14.533400623595764, 57.68378302487342, 16.749517410280674, 13.671366191253096, 47.94756064159533, 65.1262333389691, 48.14913120920059, 19.895730249271857, 47.91163142469453, 62.05319190576273, 16.362105302315253, 26.97707234952579, 43.12881654938498, 30.061806574658366, 35.87687315550636, 31.718651625148155, 45.29792309114649, 18.23051893574125, 67.37297886895112, 43.27870735534498, 19.203711879136257, 10.132561803026032, 20.13237251565242, 55.52861780462615, 62.36865765853318, 64.1621896966853, 55.36838534969312, 67.20476434471851, 39.17055773064, 35.34323184484746, 32.987902423134344, 17.61019078254088, 56.786685216427436, 54.38945733112169, 40.35422066240244, 20.379985069396096, 26.800615048023314, 54.738228730113384, 49.259716390494255, 18.421485108291083, 12.600734350612711, 49.36865825092969, 68.77275163023161, 60.21217200668028, 59.99288184484891, 25.701636863968602, 40.37839279768425, 24.012424510582733, 42.93837539991167, 49.7684037576218, 27.327142615501693, 58.92628754815245, 18.995644416297765, 52.82690256791015, 17.71657929256976, 68.73903092173491, 21.67903241294894, 53.710951317416786, 20.16469144443674, 36.333426468406905, 55.869662128416856, 29.157419477656365, 66.14335527508746, 52.16017437410308, 17.49137617701334, 19.441363052687453, 26.679767109268703, 56.94341070997182, 62.9478426806133, 31.555932250378024, 45.38944646131286, 67.17256666698663, 57.73022327778984, 31.5071915141628, 32.91647390756359, 40.668344728636626, 64.11217799542811, 32.462449181845784, 55.617243104437705, 48.529927953065744, 27.237424138118094, 67.14838627211682, 54.56186886301067, 58.05116519924851, 43.667726062445375, 24.757113015428022, 53.121571702111275, 50.17945096207986, 32.62741834499876, 29.16231299616207, 45.45246079561798, 21.434669903790866, 45.181601429484225, 16.3899319778126, 42.014414406824514, 12.175382903285833, 34.13621446243225, 21.41021328530254, 28.965818856676194, 31.647773276185823, 42.45890452659841, 65.09178275211026, 43.92846347416556, 63.05271980015158, 22.973210459846353, 28.581665678989015, 28.676154541743518, 14.503298016994892, 48.13970140355706, 62.47498870576492, 34.94322135089568, 35.73575929291141, 14.653863776881607, 46.276814215502036, 17.558437559699946, 67.66091666872458, 24.59100958608693, 18.26064048056268, 59.751060118963586, 11.710752469515755, 66.37216648099542, 47.44213961329013, 10.45801362528261, 46.389251062803794, 50.79158447142119, 29.822105763708965, 41.59787237167864, 51.155015826972104, 54.506733089085216, 55.56130728217952, 12.78498756590524, 69.87851743150537, 47.50750418524413, 63.35395689139432, 58.80098161970604, 37.79754760371103, 33.3058016091761, 49.025302232981886, 26.287592240479004, 66.19226384998437, 14.481714005078082, 34.13364823976196, 31.553977628892632, 66.41588767410164, 34.80820147058058, 43.97292761929808, 23.729232922290635, 54.591351979201676, 42.352246236256335, 43.23449320316476, 69.51839877672406, 25.549255999403826, 33.901515106869965, 57.42851225300239, 13.663153746752359, 43.32092823588368, 34.911207829072346, 38.90815295220067, 16.283628221409387, 37.66755797466547, 61.66460660090395, 57.904583864833896, 56.45640728053379, 49.267266148516555, 23.048129337222427, 69.13699956156759, 13.349902328847065, 38.01708501446545, 60.52633505392941, 16.0059992481736, 29.43671307254237, 10.249122902643588, 47.571802810969835, 46.233982273998066, 40.711065664012956, 28.668118785494904, 42.542320810841524, 62.7601667598485, 45.92030453309051, 65.93853835359079, 18.062146129091317, 15.865618187462161, 38.6713201796439, 27.37404761120651, 32.50869552487559, 55.358652272761404, 27.869500666374975, 23.82945155193642, 57.823025922397534, 65.51787949532672, 66.31938198328612, 35.129931977134355, 16.231405310810608, 64.43807157488035, 64.44979586989928, 19.830976141162065, 55.77415630271256, 13.146653625610183, 63.419794699845085, 46.49605106869341, 33.64985187716361, 55.555467734021136, 21.840993330300513, 12.709072916933167, 43.826708681153, 27.361457165576933, 13.100031032778192, 18.03743297667117, 61.0465922608854, 22.89350149230881, 16.654505693343747, 15.90885851865652, 12.630947403385527, 64.60837074708503, 47.08966643331562, 56.12436868208194, 57.49284386097482, 18.626540513435952, 25.353553453031147, 34.21224500919462, 53.562075877601444, 54.870505910791934, 59.737597568033145, 65.91087991325305, 16.94333157267006, 10.930619923058645, 59.495763679761, 19.75989747731659, 33.82958478941106, 59.899236145754635, 64.21216849307416, 48.719243427272914, 42.265149696988885, 22.55080646703433, 55.69724335908708, 48.34219895876869, 57.686972462057795, 62.36387350470107, 68.11242782573629, 32.5672986111087, 10.42450184453612, 28.03764650512759, 26.79719473282131, 10.618121003737496, 68.36827722336079, 26.045713375134344, 11.724289149777432, 46.668612653139654, 34.076089538692656, 42.16263781817494, 58.936994531007485, 59.391371010628156, 11.460149490193043, 31.47327796806914, 40.39861210122083, 28.945755431003683, 32.6827760044319, 68.44782111785, 11.803762101491667, 27.840949828060378, 25.039557955088192, 15.834864411179872, 11.972050508950831, 23.765952223260257, 38.38989524465572, 59.63873544280925, 39.179108402595524, 23.157710399416022, 12.518715507587029, 40.28105172707473, 57.791427009018044, 35.19613681672375, 33.65417316719129, 31.513262799201097, 25.0493459500592, 29.789454216404256, 41.24423040815793, 63.39904990035831, 48.0035302761888, 22.09168675362828, 16.297689441001474, 47.673452063687954, 46.58345201586478, 62.03691336798279, 29.222293359293445, 67.99850598933745, 10.364519785501766, 28.09930429461073, 17.135540859697322, 37.08059188225735, 45.42796073103564, 53.477402658712165, 28.738827159824808, 37.003513447575116, 46.227097374268574, 50.28194205187924, 20.928054607727994, 49.4695310663148, 47.73387168011638, 40.61786273977769, 20.041068264897014, 47.76068016138585, 69.12771476217543, 64.9861900424383, 69.95971097336798, 51.90747103481092, 64.52621010384865, 69.96845859397455, 23.49673347901459, 13.721579715459193, 56.86035910503614, 32.03361562431427, 52.25070562149893, 36.60825553855169, 64.00945687275203, 55.835625635019056, 13.533234086068992, 17.066516846671007, 46.1871231620665, 13.896236651029689, 39.19830845483007, 22.37364607375354, 54.4986302330595, 58.802785428340954, 55.17432507576785, 35.4829202337788, 40.497749539226184, 42.95416096924386, 27.52393265005756, 59.04818372187989, 40.412388685885574, 39.83817405877325, 59.13471140860392, 50.93863662789582, 37.107957318302226, 67.24621623660221, 67.29073560449875, 31.59948764991989, 57.83997154672573, 17.3069156046503, 18.691361038542205, 32.82983834941296, 15.899653761280288, 59.128572155834256, 44.51728383835005, 33.846256213899096, 45.529367721331376, 47.60048497239117, 42.568485731099486, 40.60323914819287, 33.34876722783896, 24.571515148742613, 30.336591548135054, 33.47622010392771, 65.22794165838603, 44.83827542940321, 64.44915741396238, 29.21478896924095, 67.37871382198367, 22.87128554956329, 30.90387936140234, 35.99713984312663, 49.84989885738861, 30.77436686997241, 51.34794921447123, 56.96529526355577, 20.251837204888936, 31.06707357056919, 56.15445115600106, 67.83940136687765, 11.295715530609653, 32.88249347406828, 33.10057160069306, 48.59246122383176, 41.338580623578736, 38.58489483023081, 45.842962046203944, 60.40664420324276, 29.98538152309401, 21.4576754806117, 45.53716247239946, 54.952249221584715, 17.111658366936815, 22.569575106709202, 45.90632954845236, 18.43493742312646, 66.80172827867263, 21.75977011466539, 44.20415080517927, 24.560164640719073, 53.04060910733705, 69.29540475861035, 59.924252827817384, 44.85786488900313, 37.26864304713281, 50.50531791766114, 48.1411212840629, 15.622484690996107, 32.63158217521881, 40.46031202712442, 12.52981356860823, 32.733139420062344, 24.38048712883561, 14.198323775883049, 25.91197178807556, 42.85373811555084, 53.2256872485938, 21.50591719159316, 36.14731331215886, 32.050283289712695, 65.93257861686891, 47.691352825982364, 49.3582222505075, 18.983656267279084, 57.42184155635051, 32.08714893891232, 57.283894138166204, 22.50475281090227, 16.2773022833171, 51.90844800083416, 53.976332054367816, 34.01083410653433, 42.172345253162284, 64.90662986871735, 44.08865688483258, 24.819950711853345, 36.27680848394936, 57.44785812192584, 40.46332062154941, 63.238092152585565, 59.73916186675487, 65.23913785774712, 32.182076016247805, 37.168566938622476, 10.809847636798596, 48.84889510488377, 19.116623085282285, 36.02241002009427, 61.111506019417185, 13.717498725704079, 23.839584621935415, 66.27932028320289, 59.78892772621231, 65.45964960194637, 18.658320777751467, 67.58168009467418, 66.84572806944391, 17.516386539248227, 42.101015141128855, 17.086363977969043, 15.12826270893283, 47.57040602490092, 45.711741363482865, 69.86057175164719, 13.788774532587269, 30.93748573400589, 50.57573288842826, 46.62592271890357, 43.228617915966446, 51.80380142502415, 46.0788681461636, 59.77965590523997, 48.49349252045789, 30.648411617720328, 11.613773920613124, 10.291440590157212
    mass = 0.0002724
    temp = 1.0
    dens = 1.0
    charge = -1
/

&units
    bref = 1.95451278338
    tref = 0.501585859244667
    nref = 4.227951567070655
    lref = 0.760585884664
    mref = 2.0
/